x1	x2	y
3.25 	3.4	4.87
3.33 	3.2	4.86
3.42 	3.3	4.85
3.50 	3.4	4.84
3.58 	3.8	4.83
3.67 	4	4.81
3.75 	3.5	4.81
3.83 	3.7	4.8
3.92 	3.9	4.79
4.00 	4.7	4.77
4.08 	4.5	4.76
4.17 	4.3	4.76
4.25 	4.4	4.22
4.33 	4.6	4.21
4.42 	5	4.19
4.50 	6	4.18
4.58 	6.1	4.17
4.67 	6	4.16
4.75 	5.98	4.15
4.83 	5.8	4.15
4.92 	5.5	4.14
5.00 	6.3	4.13
5.08 	5.8	4.13
5.17 	6	4.13
5.25 	5	3.91
5.33 	6	3.9
5.42 	6	3.9
5.50 	5.9	3.89
5.58 	5.8	3.89
5.67 	6.5	3.88
5.75 	12	3.8
5.75 	5.8	3.89
5.75 	7.4	3.87
5.83 	8	3.86
5.83 	5.6	3.88
5.92 	5.5	3.88
6.00 	6	3.87
6.08 	7.6	3.86
6.17 	8	3.85
6.25 	4	3.65
6.25 	5	3.65
6.33 	5	3.64
6.42 	9	3.6
6.42 	8.3	3.67
6.50 	7.6	3.63
6.58 	8	3.62
6.67 	6	3.63
6.75 	7.5	3.61
6.83 	7	3.61
6.92 	7	3.6
7.00 	11	3.56
7.08 	7.1	3.59
7.17 	7.1	3.59
7.25 	8	3.01
7.25 	9	3
7.33 	9	3
7.42 	8	3
7.50 	10	2.98
7.58 	7	3
7.58 	6.8	3.01
7.67 	7.2	3
7.75 	7.3	2.99
7.83 	14	2.93
7.83 	13	2.95
7.92 	15	2.93
8.00 	16	2.89
